shape_id,shape_pt_lat,shape_pt_lon,shape_pt_sequence
391010,41.400467,27.34548,1
391010,41.401326,27.345957,2
391010,41.401881,27.344001,3
391010,41.403851,27.34507,4
391010,41.403438,27.347393,5
391010,41.404384,27.347806,6
391010,41.404465,27.346539,7
391010,41.404029,27.3464,8
391010,41.403773,27.347075,9
391010,41.404071,27.347304,10
391010,41.404546,27.347148,11
391010,41.404487,27.347737,12
391010,41.40504,27.347703,13
391010,41.405223,27.347759,14
391010,41.405568,27.347758,15
391010,41.406274,27.347794,16
391010,41.406665,27.347789,17
391010,41.406653,27.347931,18
391010,41.406574,27.348148,19
391010,41.406452,27.348576,20
391010,41.40627,27.349075,21
391010,41.405678,27.350962,22
391010,41.405585,27.35131,23
391010,41.405292,27.352104,24
391010,41.404857,27.353116,25
391010,41.404476,27.353836,26
391010,41.40428,27.354254,27
391010,41.404083,27.354603,28
391010,41.403908,27.354973,29
391010,41.403612,27.355522,30
391010,41.404164,27.355714,31
391010,41.404257,27.355789,32
391010,41.404273,27.356162,33
391010,41.40423,27.357801,34
391010,41.403994,27.361473,35
391010,41.403937,27.362881,36
391010,41.403832,27.363645,37
391010,41.403059,27.365599,38
391010,41.40282,27.36563,39
391010,41.40263,27.365473,40
391010,41.40242,27.365423,41
391010,41.402341,27.365648,42
391010,41.40232,27.366022,43
391010,41.402412,27.366632,44
391010,41.402471,27.366907,45
391010,41.402406,27.367205,46
391010,41.401186,27.370626,47
391010,41.399696,27.374707,48
391010,41.398624,27.37381,49
391071,41.400392,27.345448,1
391071,41.400913,27.345831,2
391071,41.401949,27.34645,3
391071,41.403554,27.347495,4
391071,41.404346,27.347692,5
391071,41.405073,27.34774,6
391071,41.406704,27.347768,7
391071,41.406876,27.347374,8
391071,41.407139,27.347037,9
391071,41.407488,27.346921,10
391071,41.407655,27.347911,11
391071,41.408327,27.34869,12
391071,41.408551,27.349583,13
391071,41.409178,27.351777,14
391071,41.409194,27.352638,15
391071,41.409049,27.353585,16
391071,41.409298,27.3539,17
391071,41.409113,27.354086,18
391071,41.409225,27.35595,19
391071,41.408833,27.356647,20
391071,41.408409,27.356292,21
391071,41.406681,27.354916,22
391071,41.406339,27.355812,23
391071,41.404319,27.355845,24
391071,41.402958,27.355417,25
391071,41.401927,27.355119,26
391071,41.399848,27.35418,27
391071,41.396993,27.353076,28
391071,41.395071,27.352353,29
391071,41.394356,27.353797,30
391071,41.393153,27.354026,31
391071,41.392872,27.359386,32
391071,41.391635,27.359206,33
391071,41.391575,27.358364,34
391071,41.391166,27.354673,35
391071,41.389462,27.355038,36
391071,41.38594,27.355542,37
391071,41.386753,27.35082,38
391071,41.385675,27.350368,39
391071,41.383325,27.355322,40
391071,41.382296,27.360208,41
391071,41.383593,27.360652,42
391071,41.383795,27.359723,43
391071,41.385232,27.360385,44
391071,41.386722,27.361601,45
391071,41.389363,27.365729,46
391071,41.390026,27.365015,47
391071,41.39552,27.370905,48
391071,41.396511,27.372599,49
391030,41.4004665,27.3454649,1
391030,41.4045373,27.347064,2
391030,41.4057141,27.35077,3
391030,41.4038497,27.355189,4
391030,41.396245,27.352848,5
391030,41.38645,27.3477409,6
391030,41.3569063,27.3349273,7
391030,41.3560923,27.3257803,8
391011,41.398564,27.373777,1
391011,41.39859,27.373761,2
391011,41.399697,27.374514,3
391011,41.398792,27.376233,4
391011,41.397739,27.377846,5
391011,41.398368,27.378799,6
391011,41.399354,27.377485,7
391011,41.39891,27.37653,8
391011,41.39944,27.375931,9
391011,41.399903,27.374528,10
391011,41.402514,27.367168,11
391011,41.405493,27.359099,12
391011,41.405751,27.357563,13
391011,41.406684,27.3549,14
391011,41.40884,27.356589,15
391011,41.409145,27.355913,16
391011,41.409107,27.354063,17
391011,41.409278,27.353811,18
391011,41.409029,27.353536,19
391011,41.409037,27.353439,20
391011,41.409119,27.35306,21
391011,41.4092,27.352572,22
391011,41.409221,27.352178,23
391011,41.409196,27.351883,24
391011,41.409038,27.351362,25
391011,41.408378,27.34873,26
391011,41.40764,27.347824,27
391011,41.406295,27.347806,28
391011,41.405184,27.347754,29
391011,41.403347,27.347386,30
391011,41.401897,27.34646,31
391011,41.400412,27.345467,32
391020,41.40044,27.345459,1
391020,41.400622,27.345453,2
391020,41.400837,27.345554,3
391020,41.401065,27.345751,4
391020,41.401284,27.346013,5
391020,41.401922,27.343971,6
391020,41.403856,27.345081,7
391020,41.403473,27.347543,8
391020,41.404453,27.34773,9
391020,41.404506,27.347203,10
391020,41.404392,27.346765,11
391020,41.404198,27.346434,12
391020,41.403908,27.346427,13
391020,41.403731,27.346994,14
391020,41.403849,27.347365,15
391020,41.404169,27.347413,16
391020,41.404457,27.347427,17
391020,41.404467,27.347742,18
391020,41.40668,27.347813,19
391020,41.406033,27.349799,20
391020,41.405597,27.351206,21
391020,41.40514,27.352484,22
391020,41.404805,27.353224,23
391020,41.403596,27.355534,24
391020,41.402785,27.355246,25
391020,41.402195,27.355005,26
391020,41.402031,27.354966,27
391020,41.401932,27.355806,28
391020,41.401907,27.356376,29
391020,41.401913,27.357174,30
391020,41.401993,27.358894,31
391020,41.402131,27.360282,32
391020,41.402563,27.363486,33
391020,41.402241,27.363762,34
391020,41.401718,27.363808,35
391020,41.400411,27.363994,36
391020,41.400129,27.364015,37
391020,41.399945,27.363862,38
391020,41.399476,27.363129,39
391020,41.398458,27.361627,40
391020,41.397213,27.35984,41
391020,41.395672,27.357466,42
391020,41.395605,27.357224,43
391020,41.395477,27.357293,44
391020,41.39536,27.357603,45
391020,41.393657,27.36311,46
391020,41.391831,27.362256,47
391020,41.389952,27.361428,48
391020,41.38941,27.361144,49
391020,41.388376,27.360442,50
391020,41.387938,27.362199,51
391020,41.388254,27.362279,52
391020,41.390199,27.364292,53
391020,41.389997,27.365042,54
391020,41.389727,27.36542,55
391020,41.388237,27.366728,56
391020,41.386864,27.363828,57
391051,41.400381,27.345433,1
391051,41.40072,27.345724,2
391051,41.403417,27.34743,3
391051,41.404594,27.347747,4
391051,41.405014,27.34775,5
391051,41.406682,27.347828,6
391051,41.406866,27.34738,7
391051,41.407106,27.34701,8
391051,41.407322,27.346942,9
391051,41.40757,27.346967,10
391051,41.407616,27.347812,11
391051,41.407867,27.348157,12
391051,41.408196,27.348478,13
391051,41.408431,27.348906,14
391051,41.408523,27.34956,15
391051,41.408741,27.350323,16
391051,41.40898,27.351249,17
391051,41.409214,27.35202,18
391051,41.409205,27.352622,19
391051,41.409032,27.35355,20
391051,41.409282,27.353885,21
391051,41.409102,27.354161,22
391051,41.40913,27.354731,23
391051,41.4092,27.355283,24
391051,41.409241,27.355839,25
391051,41.409153,27.355912,26
391051,41.408854,27.356559,27
391051,41.406712,27.354901,28
391051,41.405894,27.357049,29
391051,41.405713,27.357638,30
391051,41.405561,27.358713,31
391051,41.405465,27.35921,32
391051,41.405286,27.359641,33
391051,41.4047,27.361374,34
391051,41.403854,27.36348,35
391051,41.403374,27.364902,36
391051,41.403574,27.365068,37
391051,41.40323,27.367515,38
391051,41.404541,27.368079,39
391051,41.405902,27.368733,40
391051,41.405643,27.369655,41
391051,41.405349,27.370576,42
391051,41.403783,27.369646,43
391051,41.403258,27.369374,44
391051,41.402748,27.370705,45
391051,41.402471,27.371355,46
391051,41.402267,27.372078,47
391051,41.403562,27.372644,48
391051,41.403421,27.373406,49
391051,41.403228,27.374791,50
391051,41.40368,27.375029,51
391070,41.400497,27.345437,1
391070,41.401264,27.34611,2
391070,41.401903,27.344036,3
391070,41.403894,27.345096,4
391070,41.403408,27.34754,5
391070,41.404051,27.347765,6
391070,41.404477,27.347255,7
391070,41.4044,27.346721,8
391070,41.403951,27.346465,9
391070,41.403735,27.347131,10
391070,41.403946,27.34741,11
391070,41.404584,27.347185,12
391070,41.404292,27.347748,13
391070,41.406655,27.347828,14
391070,41.40602,27.350017,15
391070,41.405606,27.351036,16
391070,41.405263,27.352158,17
391070,41.404576,27.353684,18
391070,41.403596,27.355563,19
391070,41.399264,27.354024,20
391070,41.397092,27.353124,21
391070,41.395001,27.352396,22
391070,41.394438,27.353585,23
391070,41.393103,27.354034,24
391070,41.393023,27.356242,25
391070,41.392778,27.359368,26
391070,41.391682,27.359204,27
391070,41.391162,27.354659,28
391070,41.389429,27.355122,29
391070,41.385978,27.35552,30
391070,41.386789,27.350773,31
391070,41.385705,27.350288,32
391070,41.384688,27.355463,33
391070,41.383334,27.35538,34
391070,41.382355,27.360096,35
391070,41.383572,27.360544,36
391070,41.383779,27.359749,37
391070,41.38523,27.360301,38
391070,41.386478,27.361375,39
391070,41.386696,27.361634,40
391070,41.389394,27.365627,41
391070,41.390054,27.365059,42
391070,41.391784,27.366781,43
391070,41.392931,27.368259,44
391070,41.394239,27.36963,45
391070,41.39554,27.371039,46
391070,41.396551,27.372513,47
391061,41.400392,27.345469,1
391061,41.403345,27.347425,2
391061,41.404404,27.347726,3
391061,41.406691,27.347831,4
391061,41.406917,27.347271,5
391061,41.407052,27.347058,6
391061,41.407227,27.346953,7
391061,41.407557,27.346946,8
391061,41.407604,27.347841,9
391061,41.408145,27.348414,10
391061,41.408413,27.348862,11
391061,41.408517,27.349525,12
391061,41.408815,27.350681,13
391061,41.409211,27.35202,14
391061,41.409213,27.352594,15
391061,41.409034,27.35355,16
391061,41.409291,27.353891,17
391061,41.40908,27.354175,18
391061,41.409232,27.355872,19
391061,41.409146,27.355917,20
391061,41.408849,27.356555,21
391061,41.408175,27.356056,22
391061,41.407639,27.355587,23
391061,41.406712,27.354898,24
391061,41.406557,27.35531,25
391061,41.406393,27.35563,26
391061,41.404312,27.355708,27
391061,41.403733,27.35571,28
391061,41.403187,27.355546,29
391061,41.402028,27.355102,30
391061,41.401038,27.354753,31
391061,41.399876,27.354292,32
391061,41.400347,27.349509,33
391061,41.397308,27.348096,34
391061,41.396148,27.347779,35
391061,41.394974,27.347394,36
391061,41.391984,27.34633,37
391061,41.391891,27.348325,38
391061,41.391788,27.348476,39
391061,41.391457,27.349317,40
391061,41.391179,27.350343,41
391061,41.389993,27.349664,42
391061,41.387586,27.348338,43
391061,41.387186,27.348141,44
391061,41.386799,27.347879,45
391061,41.386126,27.34754,46
999990,41.4943945,27.3694695,1
391081,41.40038,27.345448,1
391081,41.403455,27.34747,2
391081,41.404273,27.34773,3
391081,41.406685,27.347829,4
391081,41.406961,27.347158,5
391081,41.407258,27.346948,6
391081,41.407569,27.346989,7
391081,41.407619,27.347826,8
391081,41.408014,27.348275,9
391081,41.408417,27.348857,10
391081,41.408526,27.349571,11
391081,41.409201,27.352005,12
391081,41.409196,27.352659,13
391081,41.409058,27.353468,14
391081,41.409095,27.353651,15
391081,41.409293,27.353873,16
391081,41.409089,27.354187,17
391081,41.409207,27.355836,18
391081,41.409137,27.355918,19
391081,41.408854,27.356547,20
391081,41.407767,27.355699,21
391081,41.406708,27.354915,22
391081,41.405698,27.357618,23
391081,41.405497,27.359074,24
391081,41.404755,27.361194,25
391081,41.404009,27.36307,26
391081,41.402824,27.366339,27
391081,41.402682,27.366434,28
391081,41.402548,27.366449,29
391081,41.402432,27.366393,30
391081,41.402384,27.366267,31
391081,41.402368,27.36572,32
391081,41.401988,27.36574,33
391081,41.401145,27.365498,34
391081,41.39995,27.365109,35
391081,41.399563,27.367615,36
391081,41.399216,27.370063,37
391081,41.395407,27.368352,38
391081,41.394207,27.367151,39
391081,41.392965,27.368401,40
391081,41.391524,27.369563,41
391081,41.389302,27.371195,42
391081,41.391332,27.374718,43
999991,41.4943945,27.3694695,1
999991,41.4964517,27.3718727,2
391050,41.403988,27.347235,1
391050,41.404057,27.347301,2
391050,41.404457,27.34753,3
391050,41.40471,27.34773,4
391050,41.40527,27.3478,5
391050,41.406034,27.347781,6
391050,41.406275,27.347803,7
391050,41.406685,27.347813,8
391050,41.406528,27.348253,9
391050,41.406422,27.34863,10
391050,41.406133,27.349494,11
391050,41.405518,27.351545,12
391050,41.405388,27.351906,13
391050,41.404771,27.353283,14
391050,41.404216,27.354344,15
391050,41.404061,27.354676,16
391050,41.40356,27.355605,17
391050,41.403932,27.35574,18
391050,41.404267,27.355788,19
391050,41.404217,27.357582,20
391050,41.404013,27.361207,21
391050,41.403805,27.363598,22
391050,41.403449,27.364553,23
391050,41.403377,27.364825,24
391050,41.403482,27.364942,25
391050,41.403539,27.365131,26
391050,41.403551,27.365407,27
391050,41.403527,27.365678,28
391050,41.403198,27.367462,29
391050,41.403996,27.367786,30
391050,41.405148,27.368337,31
391050,41.405668,27.368601,32
391050,41.405907,27.368747,33
391050,41.405535,27.36999,34
391050,41.405333,27.370521,35
391050,41.404128,27.369836,36
391050,41.403266,27.369275,37
391050,41.402827,27.37039,38
391050,41.402246,27.372029,39
391050,41.403107,27.372378,40
391050,41.403574,27.372602,41
391050,41.403427,27.373259,42
391050,41.40318,27.374767,43
391050,41.403614,27.375033,44
391050,41.403584,27.375185,45
391050,41.403614,27.375199,46
391050,41.403659,27.375061,47
391050,41.40365,27.374994,48
391050,41.403512,27.374935,49
391050,41.403203,27.374731,50
391050,41.403427,27.373418,51
391101,41.4093981,27.3537607,1
391101,41.4005197,27.3453865,2
391001,41.382767,27.394332,1
391001,41.385116,27.392236,2
391001,41.387755,27.389176,3
391001,41.390684,27.385871,4
391001,41.392608,27.383606,5
391001,41.394555,27.381438,6
391001,41.398666,27.376633,7
391001,41.399428,27.375432,8
391001,41.400061,27.374037,9
391001,41.400893,27.371527,10
391001,41.402048,27.368455,11
391001,41.402633,27.36679,12
391001,41.402773,27.365958,13
391001,41.40272,27.365211,14
391001,41.40269,27.36379,15
391001,41.402546,27.362398,16
391001,41.402428,27.361485,17
391001,41.40237,27.361261,18
391001,41.40213,27.358873,19
391001,41.402065,27.357517,20
391001,41.40205,27.356373,21
391001,41.40217,27.355133,22
391001,41.403309,27.355587,23
391001,41.403441,27.355603,24
391001,41.403718,27.355705,25
391001,41.404185,27.355805,26
391001,41.404546,27.355834,27
391001,41.405293,27.355679,28
391001,41.405727,27.355633,29
391001,41.405986,27.355642,30
391001,41.406397,27.35563,31
391001,41.406708,27.354931,32
391001,41.407173,27.355223,33
391001,41.408853,27.356575,34
391001,41.408974,27.35628,35
391001,41.409139,27.355936,36
391001,41.409238,27.355889,37
391001,41.409186,27.355206,38
391001,41.409072,27.354318,39
391001,41.409084,27.354118,40
391001,41.409275,27.353903,41
391001,41.409032,27.353548,42
391001,41.409218,27.352379,43
391001,41.409217,27.35207,44
391001,41.409002,27.351228,45
391001,41.408848,27.350707,46
391001,41.408718,27.350186,47
391001,41.408521,27.34956,48
391001,41.408478,27.349111,49
391001,41.408324,27.348651,50
391001,41.407626,27.347811,51
391001,41.407565,27.346954,52
391001,41.407157,27.346997,53
391001,41.406983,27.347166,54
391001,41.406861,27.347384,55
391001,41.406702,27.347848,56
391001,41.405163,27.347728,57
391001,41.404515,27.347751,58
391001,41.403431,27.347446,59
391001,41.402415,27.346782,60
391001,41.401409,27.346171,61
391001,41.40042,27.345454,62
391100,41.4005197,27.3453865,1
391100,41.409551,27.35375,2
391090,41.4084923,27.3511158,1
391090,41.407823,27.332987,2
391000,41.400384,27.345448,1
391000,41.401282,27.346036,2
391000,41.401916,27.344002,3
391000,41.403901,27.345119,4
391000,41.403457,27.347592,5
391000,41.404352,27.347765,6
391000,41.404387,27.347387,7
391000,41.404127,27.346972,8
391000,41.403918,27.347364,9
391000,41.404025,27.34752,10
391000,41.404338,27.347469,11
391000,41.404424,27.347441,12
391000,41.404388,27.347738,13
391000,41.406676,27.347865,14
391000,41.40558,27.35117,15
391000,41.405315,27.35202,16
391000,41.40495,27.3529,17
391000,41.403561,27.355594,18
391000,41.402142,27.355149,19
391000,41.40207,27.355813,20
391000,41.402067,27.356504,21
391000,41.402116,27.357865,22
391000,41.402332,27.360698,23
391000,41.402566,27.363241,24
391000,41.402653,27.364414,25
391000,41.402496,27.365441,26
391000,41.402472,27.366867,27
391000,41.40221,27.367865,28
391000,41.400644,27.372044,29
391000,41.399865,27.374179,30
391000,41.399412,27.375194,31
391000,41.398814,27.376241,32
391000,41.394189,27.381663,33
391000,41.390104,27.386343,34
391000,41.384465,27.392734,35
391000,41.383644,27.393637,36
391000,41.382815,27.394502,37
391041,41.413956,27.355436,1
391041,41.413598,27.3571,2
391041,41.413474,27.357564,3
391041,41.413177,27.357438,4
391041,41.412533,27.359544,5
391041,41.412739,27.360079,6
391041,41.412925,27.360923,7
391041,41.412986,27.361446,8
391041,41.412938,27.365949,9
391041,41.412935,27.368366,10
391041,41.412879,27.369954,11
391041,41.412017,27.369606,12
391041,41.411793,27.369473,13
391041,41.408831,27.366651,14
391041,41.40773,27.365582,15
391041,41.40748,27.36551,16
391041,41.406334,27.364893,17
391041,41.405926,27.364701,18
391041,41.405249,27.36434,19
391041,41.404411,27.363964,20
391041,41.403774,27.363655,21
391041,41.404165,27.36273,22
391041,41.40477,27.3611,23
391041,41.405006,27.360538,24
391041,41.405441,27.359304,25
391041,41.405548,27.359068,26
391041,41.405748,27.357498,27
391041,41.405917,27.356986,28
391041,41.406593,27.355197,29
391041,41.406725,27.354918,30
391041,41.407166,27.355207,31
391041,41.408869,27.356572,32
391041,41.409128,27.355935,33
391041,41.409227,27.355893,34
391041,41.409198,27.355266,35
391041,41.409092,27.354468,36
391041,41.409099,27.354141,37
391041,41.409289,27.353878,38
391041,41.409031,27.353528,39
391041,41.409144,27.352941,40
391041,41.409221,27.352404,41
391041,41.409226,27.352017,42
391041,41.408481,27.349376,43
391041,41.408453,27.349004,44
391041,41.408328,27.348654,45
391041,41.407634,27.347812,46
391041,41.407568,27.346905,47
391041,41.407113,27.347042,48
391041,41.406858,27.347435,49
391041,41.406689,27.347858,50
391041,41.406,27.347773,51
391041,41.405155,27.347768,52
391041,41.404439,27.347727,53
391041,41.40345,27.347467,54
391041,41.402397,27.346778,55
391041,41.401404,27.346153,56
391041,41.400431,27.345464,57
391080,41.400386,27.345437,1
391080,41.400484,27.345422,2
391080,41.400592,27.345434,3
391080,41.40077,27.345522,4
391080,41.401016,27.345683,5
391080,41.401119,27.345779,6
391080,41.401262,27.346054,7
391080,41.40193,27.343972,8
391080,41.40289,27.344491,9
391080,41.403875,27.345098,10
391080,41.40346,27.347449,11
391080,41.404198,27.347678,12
391080,41.404383,27.346699,13
391080,41.403879,27.346536,14
391080,41.403696,27.347232,15
391080,41.404207,27.347138,16
391080,41.404242,27.347667,17
391080,41.405392,27.347772,18
391080,41.406009,27.347794,19
391080,41.406684,27.347849,20
391080,41.405644,27.350977,21
391080,41.405312,27.352043,22
391080,41.404781,27.353276,23
391080,41.403568,27.355583,24
391080,41.403564,27.355683,25
391080,41.404292,27.35582,26
391080,41.4041,27.359986,27
391080,41.404031,27.360227,28
391080,41.404029,27.36097,29
391080,41.40395,27.362476,30
391080,41.403887,27.363341,31
391080,41.403562,27.36432,32
391080,41.403075,27.365618,33
391080,41.402966,27.36568,34
391080,41.4029,27.365675,35
391080,41.402742,27.365587,36
391080,41.402676,27.365531,37
391080,41.402615,27.365524,38
391080,41.402509,27.365563,39
391080,41.402396,27.365705,40
391080,41.402309,27.365726,41
391080,41.402029,27.365749,42
391080,41.401184,27.365496,43
391080,41.400243,27.365179,44
391080,41.399964,27.365103,45
391080,41.399559,27.367617,46
391080,41.399223,27.369995,47
391080,41.398936,27.369896,48
391080,41.396921,27.369002,49
391080,41.396116,27.36857,50
391080,41.395881,27.368468,51
391080,41.395392,27.368211,52
391080,41.395251,27.368099,53
391080,41.394285,27.367068,54
391080,41.393783,27.367599,55
391080,41.393,27.368366,56
391080,41.392157,27.369065,57
391080,41.390297,27.370521,58
391080,41.389296,27.371169,59
391080,41.390396,27.373163,60
391080,41.391264,27.374587,61
391031,41.357357,27.326378,1
391031,41.356883,27.326202,2
391031,41.35599,27.325635,3
391031,41.35577,27.325675,4
391031,41.355637,27.325743,5
391031,41.355393,27.325987,6
391031,41.355517,27.326327,7
391031,41.355578,27.327954,8
391031,41.355647,27.32923,9
391031,41.355674,27.330347,10
391031,41.355691,27.332145,11
391031,41.355743,27.333282,12
391031,41.356527,27.334175,13
391031,41.356978,27.334653,14
391031,41.357172,27.334969,15
391031,41.357426,27.335101,16
391031,41.359097,27.33574,17
391031,41.361564,27.336766,18
391031,41.362445,27.337096,19
391031,41.364155,27.337772,20
391031,41.368706,27.339432,21
391031,41.375915,27.34213,22
391031,41.378036,27.342966,23
391031,41.378847,27.34334,24
391031,41.382805,27.345589,25
391031,41.383892,27.346153,26
391031,41.387101,27.347912,27
391031,41.389662,27.349408,28
391031,41.39012,27.349644,29
391031,41.391213,27.350271,30
391031,41.393076,27.351256,31
391031,41.3949,27.352247,32
391031,41.396637,27.352943,33
391031,41.399035,27.353871,34
391031,41.400126,27.354258,35
391031,41.401132,27.354705,36
391031,41.40208,27.355043,37
391031,41.402849,27.355268,38
391031,41.403594,27.355637,39
391031,41.404546,27.355806,40
391031,41.405122,27.355685,41
391031,41.405702,27.355677,42
391031,41.406389,27.355632,43
391031,41.406581,27.355262,44
391031,41.406711,27.354921,45
391031,41.407504,27.355479,46
391031,41.408851,27.356576,47
391031,41.40917,27.355901,48
391031,41.40923,27.355818,49
391031,41.409078,27.354249,50
391031,41.40928,27.353865,51
391031,41.409037,27.353508,52
391031,41.409181,27.352705,53
391031,41.409229,27.352104,54
391031,41.408522,27.349578,55
391031,41.408414,27.348839,56
391031,41.408301,27.348638,57
391031,41.408113,27.348398,58
391031,41.407707,27.347973,59
391031,41.407595,27.347814,60
391031,41.407552,27.346969,61
391031,41.407201,27.346981,62
391031,41.407032,27.347097,63
391031,41.406673,27.347814,64
391031,41.404672,27.347736,65
391031,41.403648,27.347538,66
391031,41.403448,27.34747,67
391031,41.401492,27.34623,68
391031,41.400393,27.345437,69
391040,41.400425,27.345434,1
391040,41.40063,27.345431,2
391040,41.400882,27.345588,3
391040,41.401124,27.345791,4
391040,41.401256,27.346025,5
391040,41.401928,27.343976,6
391040,41.403873,27.345088,7
391040,41.403402,27.347473,8
391040,41.404301,27.347703,9
391040,41.404174,27.34692,10
391040,41.403745,27.34707,11
391040,41.403969,27.347462,12
391040,41.404323,27.347314,13
391040,41.404359,27.347744,14
391040,41.405914,27.347784,15
391040,41.406687,27.347849,16
391040,41.405319,27.352021,17
391040,41.405065,27.352634,18
391040,41.404465,27.353886,19
391040,41.403724,27.355262,20
391040,41.403556,27.355624,21
391040,41.403916,27.355756,22
391040,41.404283,27.355807,23
391040,41.404115,27.359563,24
391040,41.403934,27.362917,25
391040,41.403822,27.36369,26
391040,41.404981,27.364216,27
391040,41.407217,27.365383,28
391040,41.407733,27.365599,29
391040,41.409027,27.366837,30
391040,41.410351,27.368055,31
391040,41.411328,27.369067,32
391040,41.411987,27.369627,33
391040,41.412175,27.369635,34
391040,41.412898,27.369976,35
391040,41.412934,27.368389,36
391040,41.41298,27.361818,37
391040,41.412966,27.361257,38
391040,41.412829,27.360453,39
391040,41.412745,27.360105,40
391040,41.412563,27.359547,41
391040,41.412729,27.359133,42
391040,41.413189,27.357455,43
391040,41.414413,27.358241,44
391040,41.415525,27.359237,45
391040,41.415273,27.358593,46
391040,41.414827,27.357712,47
391040,41.41396,27.355426,48
391021,41.386693,27.366016,1
391021,41.387337,27.367362,2
391021,41.387455,27.367246,3
391021,41.389942,27.365259,4
391021,41.390247,27.364275,5
391021,41.389225,27.363243,6
391021,41.388995,27.362985,7
391021,41.388375,27.362411,8
391021,41.387941,27.362127,9
391021,41.388035,27.361895,10
391021,41.388387,27.3605,11
391021,41.390564,27.361651,12
391021,41.390938,27.361833,13
391021,41.391247,27.361959,14
391021,41.391578,27.362124,15
391021,41.393646,27.363069,16
391021,41.395433,27.35725,17
391021,41.39572,27.357616,18
391021,41.400075,27.363987,19
391021,41.401742,27.363793,20
391021,41.401617,27.363032,21
391021,41.401517,27.362222,22
391021,41.401096,27.357365,23
391021,41.401062,27.356182,24
391021,41.401111,27.355086,25
391021,41.401197,27.354704,26
391021,41.401332,27.354791,27
391021,41.401807,27.354974,28
391021,41.402082,27.355063,29
391021,41.403926,27.355764,30
391021,41.404484,27.355769,31
391021,41.406411,27.35559,32
391021,41.406523,27.355371,33
391021,41.406744,27.354846,34
391021,41.40766,27.355602,35
391021,41.408859,27.356507,36
391021,41.409227,27.355666,37
391021,41.409145,27.354835,38
391021,41.409089,27.354485,39
391021,41.409082,27.354103,40
391021,41.409031,27.353538,41
391021,41.409215,27.352559,42
391021,41.409205,27.351911,43
391021,41.40899,27.351192,44
391021,41.408375,27.348756,45
391021,41.408132,27.34839,46
391021,41.40763,27.347812,47
391021,41.406974,27.347844,48
391021,41.405867,27.347756,49
391021,41.40506,27.347797,50
391021,41.404755,27.347778,51
391021,41.403525,27.347457,52
391021,41.401792,27.346423,53
391021,41.401079,27.346019,54
391021,41.400735,27.345775,55
391021,41.400415,27.345466,56
391091,41.4077948,27.332944,1
391091,41.4084923,27.3511158,2
391060,41.400395,27.345424,1
391060,41.400602,27.345426,2
391060,41.401082,27.34572,3
391060,41.401273,27.346046,4
391060,41.401928,27.34396,5
391060,41.403892,27.345118,6
391060,41.403475,27.347434,7
391060,41.404365,27.347686,8
391060,41.40439,27.347363,9
391060,41.404155,27.347271,10
391060,41.404018,27.3473,11
391060,41.404016,27.3475,12
391060,41.404222,27.347553,13
391060,41.404418,27.347481,14
391060,41.404461,27.347714,15
391060,41.405584,27.347763,16
391060,41.406672,27.347871,17
391060,41.405306,27.352068,18
391060,41.404564,27.353703,19
391060,41.403571,27.355571,20
391060,41.402056,27.354999,21
391060,41.401295,27.354731,22
391060,41.399886,27.354123,23
391060,41.400352,27.349506,24
391060,41.399024,27.348915,25
391060,41.398817,27.34982,26
391060,41.397163,27.34908,27
391060,41.39732,27.348115,28
391060,41.394662,27.347287,29
391060,41.391984,27.34632,30
391060,41.391896,27.348311,31
391060,41.391803,27.348459,32
391060,41.391484,27.349246,33
391060,41.391166,27.350369,34
391060,41.38972,27.349498,35
391060,41.388129,27.348592,36
391060,41.386426,27.347805,37
